log-likelihood: 1.8691867951312957 1.8293107767644594 
log-test-likelihood: 1.7643623352050781 1.7637280225753784 
log-type-likelihood: 0.6917762756347656 0.6896075010299683 
log-time-likelihood: 1.0725860595703125 1.0741205215454102 
accuracy: 0.5 0.8 