log-likelihood: 1.0844268973114692 1.0741706879889585 1.0712650358516433 1.0704759845358616 1.0691883840013934 1.0681577652773033 1.0674979984930486 1.067611828785576 1.0663555089554215 1.0664537928860485 1.0652546228665731 1.0650188903235938 1.0644507024166994 1.0645085979249103 1.063936406406559 
log-test-likelihood: 1.0480852127075195 1.0449410676956177 1.0445501804351807 1.041441798210144 1.0429080724716187 1.0417340993881226 1.0439330339431763 1.043007731437683 1.0430744886398315 1.0442970991134644 1.0438659191131592 1.0452301502227783 1.0447611808776855 1.0459651947021484 1.0447742938995361 
log-type-likelihood: 1.570595145225525 1.5687156915664673 1.5670325756072998 1.5648868083953857 1.5659124851226807 1.566249132156372 1.5678458213806152 1.5662099123001099 1.5666016340255737 1.5670771598815918 1.5668748617172241 1.5682145357131958 1.5683681964874268 1.5694111585617065 1.568854570388794 
log-time-likelihood: -0.5225099325180054 -0.5237746238708496 -0.5224823951721191 -0.5234450101852417 -0.523004412651062 -0.5245150327682495 -0.523912787437439 -0.5232021808624268 -0.5235271453857422 -0.5227800607681274 -0.5230089426040649 -0.5229843854904175 -0.5236070156097412 -0.5234459638595581 -0.5240802764892578 
accuracy: 0.25252525252525254 0.2727272727272727 0.23232323232323232 0.26262626262626265 0.26262626262626265 0.26262626262626265 0.2828282828282828 0.24242424242424243 0.2727272727272727 0.25252525252525254 0.2727272727272727 0.29292929292929293 0.2727272727272727 0.2727272727272727 0.2727272727272727 